,country,country_code,continent,population,indicator,weekly_count,year_week,rate_14_day,cumulative_count,source
150,Africa (total),,Africa,352325033,cases,0.0,2020-01,,0.0,"Epidemic intelligence, national weekly data"
151,Africa (total),,Africa,352325033,cases,0.0,2020-02,0.0,0.0,"Epidemic intelligence, national weekly data"
152,Africa (total),,Africa,352325033,cases,0.0,2020-03,0.0,0.0,"Epidemic intelligence, national weekly data"
153,Africa (total),,Africa,352325033,cases,0.0,2020-04,0.0,0.0,"Epidemic intelligence, national weekly data"
154,Africa (total),,Africa,352325033,cases,0.0,2020-05,0.0,0.0,"Epidemic intelligence, national weekly data"
155,Africa (total),,Africa,352325033,cases,0.0,2020-06,0.0,0.0,"Epidemic intelligence, national weekly data"
156,Africa (total),,Africa,352325033,cases,1.0,2020-07,0.0002838288246183,1.0,"Epidemic intelligence, national weekly data"
157,Africa (total),,Africa,352325033,cases,0.0,2020-08,0.0002838288246183,1.0,"Epidemic intelligence, national weekly data"
158,Africa (total),,Africa,352325033,cases,5.0,2020-09,0.0014191441230915,6.0,"Epidemic intelligence, national weekly data"
159,Africa (total),,Africa,438179587,cases,69.0,2020-10,0.0168880527974025,75.0,"Epidemic intelligence, national weekly data"
160,Africa (total),,Africa,927809342,cases,248.0,2020-11,0.0341665022812413,323.0,"Epidemic intelligence, national weekly data"
161,Africa (total),,Africa,1253962389,cases,1066.0,2020-12,0.104787831878106,1389.0,"Epidemic intelligence, national weekly data"
162,Africa (total),,Africa,1283052508,cases,3240.0,2020-13,0.335605906473159,4629.0,"Epidemic intelligence, national weekly data"
163,Africa (total),,Africa,1335595583,cases,4546.0,2020-14,0.582960897677662,9175.0,"Epidemic intelligence, national weekly data"
164,Africa (total),,Africa,1335814744,cases,5347.0,2020-15,0.740596706574456,14522.0,"Epidemic intelligence, national weekly data"
165,Africa (total),,Africa,1335814744,cases,7781.0,2020-16,0.982771006156824,22303.0,"Epidemic intelligence, national weekly data"
166,Africa (total),,Africa,1336412074,cases,9445.0,2020-17,1.28897368821587,31748.0,"Epidemic intelligence, national weekly data"
167,Africa (total),,Africa,1337281669,cases,12687.0,2020-18,1.65499913092729,44435.0,"Epidemic intelligence, national weekly data"
168,Africa (total),,Africa,1337281669,cases,18956.0,2020-19,2.36621803270976,63391.0,"Epidemic intelligence, national weekly data"
169,Africa (total),,Africa,1339423921,cases,21425.0,2020-20,3.01480355598338,84816.0,"Epidemic intelligence, national weekly data"
170,Africa (total),,Africa,1339423921,cases,27093.0,2020-21,3.62230353208691,111909.0,"Epidemic intelligence, national weekly data"
171,Africa (total),,Africa,1339423921,cases,35087.0,2020-22,4.64229427480861,146996.0,"Epidemic intelligence, national weekly data"
172,Africa (total),,Africa,1339423921,cases,42602.0,2020-23,5.80018012086855,189598.0,"Epidemic intelligence, national weekly data"
173,Africa (total),,Africa,1339423921,cases,53527.0,2020-24,7.17689138538239,243125.0,"Epidemic intelligence, national weekly data"
174,Africa (total),,Africa,1339423921,cases,62942.0,2020-25,8.69545467823551,306067.0,"Epidemic intelligence, national weekly data"
175,Africa (total),,Africa,1339423921,cases,76663.0,2020-26,10.4227644296342,382730.0,"Epidemic intelligence, national weekly data"
176,Africa (total),,Africa,1339423921,cases,95341.0,2020-27,12.8416401486681,478071.0,"Epidemic intelligence, national weekly data"
177,Africa (total),,Africa,1339423921,cases,117490.0,2020-28,15.88974160183,595561.0,"Epidemic intelligence, national weekly data"
178,Africa (total),,Africa,1339423921,cases,126318.0,2020-29,18.2024522764963,721879.0,"Epidemic intelligence, national weekly data"
179,Africa (total),,Africa,1339423921,cases,125799.0,2020-30,18.8227935941126,847678.0,"Epidemic intelligence, national weekly data"
180,Africa (total),,Africa,1339423921,cases,110152.0,2020-31,17.6158568098322,957830.0,"Epidemic intelligence, national weekly data"
181,Africa (total),,Africa,1339423921,cases,90991.0,2020-32,15.0171276506566,1048821.0,"Epidemic intelligence, national weekly data"
182,Africa (total),,Africa,1339423921,cases,70758.0,2020-33,12.0760124904474,1119579.0,"Epidemic intelligence, national weekly data"
183,Africa (total),,Africa,1339423921,cases,68608.0,2020-34,10.4049209376484,1188187.0,"Epidemic intelligence, national weekly data"
184,Africa (total),,Africa,1339423921,cases,57998.0,2020-35,9.45227257890671,1246185.0,"Epidemic intelligence, national weekly data"
185,Africa (total),,Africa,1339423921,cases,53958.0,2020-36,8.35851878144858,1300143.0,"Epidemic intelligence, national weekly data"
186,Africa (total),,Africa,1339423921,cases,53884.0,2020-37,8.0513718106129,1354027.0,"Epidemic intelligence, national weekly data"
187,Africa (total),,Africa,1339423921,cases,54413.0,2020-38,8.08534163845204,1408440.0,"Epidemic intelligence, national weekly data"
188,Africa (total),,Africa,1339423921,cases,52596.0,2020-39,7.98918089503047,1461036.0,"Epidemic intelligence, national weekly data"
189,Africa (total),,Africa,1339423921,cases,55870.0,2020-40,8.09795900307801,1516906.0,"Epidemic intelligence, national weekly data"
190,Africa (total),,Africa,1339423921,cases,62404.0,2020-41,8.83021410515783,1579310.0,"Epidemic intelligence, national weekly data"
191,Africa (total),,Africa,1339423921,cases,67552.0,2020-42,9.70238010255754,1646862.0,"Epidemic intelligence, national weekly data"
192,Africa (total),,Africa,1339423921,cases,72041.0,2020-43,10.4218685220868,1718903.0,"Epidemic intelligence, national weekly data"
193,Africa (total),,Africa,1339423921,cases,77845.0,2020-44,11.1903332208743,1796748.0,"Epidemic intelligence, national weekly data"
194,Africa (total),,Africa,1339423921,cases,86811.0,2020-45,12.2930460938065,1883559.0,"Epidemic intelligence, national weekly data"
195,Africa (total),,Africa,1339423921,cases,92722.0,2020-46,13.403747475703,1976281.0,"Epidemic intelligence, national weekly data"
196,Africa (total),,Africa,1339423921,cases,90435.0,2020-47,13.6743115550196,2066716.0,"Epidemic intelligence, national weekly data"
197,Africa (total),,Africa,1339423921,cases,97447.0,2020-48,14.0270751518107,2164163.0,"Epidemic intelligence, national weekly data"
198,Africa (total),,Africa,1339423921,cases,98997.0,2020-49,14.6663051868849,2263160.0,"Epidemic intelligence, national weekly data"
199,Africa (total),,Africa,1339423921,cases,117838.0,2020-50,16.1886760868145,2380998.0,"Epidemic intelligence, national weekly data"
200,Africa (total),,Africa,1339423921,cases,130951.0,2020-51,18.574328567632,2511949.0,"Epidemic intelligence, national weekly data"
201,Africa (total),,Africa,1339423921,cases,162438.0,2020-52,21.9041182854909,2674387.0,"Epidemic intelligence, national weekly data"
202,Africa (total),,Africa,1339423921,cases,158366.0,2020-53,23.9508937365021,2832753.0,"Epidemic intelligence, national weekly data"
203,Africa (total),,Africa,1339423921,cases,227221.0,2021-01,28.7875252901355,3059974.0,"Epidemic intelligence, national weekly data"
204,Africa (total),,Africa,1339423921,cases,203631.0,2021-02,32.1669632179131,3263605.0,"Epidemic intelligence, national weekly data"
205,Africa (total),,Africa,1339423921,cases,183817.0,2021-03,28.9264656189457,3447422.0,"Epidemic intelligence, national weekly data"
206,Africa (total),,Africa,1339423921,cases,132387.0,2021-04,23.6074625099965,3579809.0,"Epidemic intelligence, national weekly data"
207,Africa (total),,Africa,1339423921,cases,93372.0,2021-05,16.8549326662354,3673181.0,"Epidemic intelligence, national weekly data"
208,Africa (total),,Africa,1339423921,cases,81145.0,2021-06,13.0292581208873,3754326.0,"Epidemic intelligence, national weekly data"
209,Africa (total),,Africa,1339423921,cases,81305.0,2021-07,12.1283484230083,3835631.0,"Epidemic intelligence, national weekly data"
210,Africa (total),,Africa,1339423921,cases,62559.0,2021-08,10.7407369500011,3898190.0,"Epidemic intelligence, national weekly data"
211,Africa (total),,Africa,1339423921,cases,72180.0,2021-09,10.0594739191611,3970370.0,"Epidemic intelligence, national weekly data"
212,Africa (total),,Africa,1339423921,cases,66346.0,2021-10,10.34220740933,4036716.0,"Epidemic intelligence, national weekly data"
213,Africa (total),,Africa,1339423921,cases,71880.0,2021-11,10.3198097206448,4108596.0,"Epidemic intelligence, national weekly data"
214,Africa (total),,Africa,1339423921,cases,77860.0,2021-12,11.1794330123809,4186456.0,"Epidemic intelligence, national weekly data"
215,Africa (total),,Africa,1339423921,cases,82232.0,2021-13,11.9523025899431,4268688.0,"Epidemic intelligence, national weekly data"
216,Africa (total),,Africa,1339423921,cases,78125.0,2021-14,11.9720872149483,4346813.0,"Epidemic intelligence, national weekly data"
217,Africa (total),,Africa,1339423921,cases,84826.0,2021-15,12.1657525631125,4431639.0,"Epidemic intelligence, national weekly data"
218,Africa (total),,Africa,1339423921,cases,77167.0,2021-16,12.0942292772446,4508806.0,"Epidemic intelligence, national weekly data"
219,Africa (total),,Africa,1339423921,cases,62983.0,2021-17,10.4634535640789,4571789.0,"Epidemic intelligence, national weekly data"
220,Africa (total),,Africa,1339423921,cases,63030.0,2021-18,9.40799981427239,4634819.0,"Epidemic intelligence, national weekly data"
221,Africa (total),,Africa,1339423921,cases,60313.0,2021-19,9.20866038497456,4695132.0,"Epidemic intelligence, national weekly data"
222,Africa (total),,Africa,1339423921,cases,66329.0,2021-20,9.45496030154892,4761461.0,"Epidemic intelligence, national weekly data"
223,Africa (total),,Africa,1339423921,cases,74185.0,2021-21,10.4906294263502,4835646.0,"Epidemic intelligence, national weekly data"
224,Africa (total),,Africa,1339423921,cases,92793.0,2021-22,12.4664042042295,4928439.0,"Epidemic intelligence, national weekly data"
225,Africa (total),,Africa,352325033,deaths,0.0,2020-01,,0.0,"Epidemic intelligence, national weekly data"
226,Africa (total),,Africa,352325033,deaths,0.0,2020-02,0.0,0.0,"Epidemic intelligence, national weekly data"
227,Africa (total),,Africa,352325033,deaths,0.0,2020-03,0.0,0.0,"Epidemic intelligence, national weekly data"
228,Africa (total),,Africa,352325033,deaths,0.0,2020-04,0.0,0.0,"Epidemic intelligence, national weekly data"
229,Africa (total),,Africa,352325033,deaths,0.0,2020-05,0.0,0.0,"Epidemic intelligence, national weekly data"
230,Africa (total),,Africa,352325033,deaths,0.0,2020-06,0.0,0.0,"Epidemic intelligence, national weekly data"
231,Africa (total),,Africa,352325033,deaths,0.0,2020-07,0.0,0.0,"Epidemic intelligence, national weekly data"
232,Africa (total),,Africa,352325033,deaths,0.0,2020-08,0.0,0.0,"Epidemic intelligence, national weekly data"
233,Africa (total),,Africa,352325033,deaths,0.0,2020-09,0.0,0.0,"Epidemic intelligence, national weekly data"
234,Africa (total),,Africa,438179587,deaths,1.0,2020-10,0.0022821692969462,1.0,"Epidemic intelligence, national weekly data"
235,Africa (total),,Africa,927809342,deaths,7.0,2020-11,0.0086224611435309,8.0,"Epidemic intelligence, national weekly data"
236,Africa (total),,Africa,1253962389,deaths,36.0,2020-12,0.0342912996252553,44.0,"Epidemic intelligence, national weekly data"
237,Africa (total),,Africa,1283052508,deaths,99.0,2020-13,0.105217829479509,143.0,"Epidemic intelligence, national weekly data"
238,Africa (total),,Africa,1335595583,deaths,291.0,2020-14,0.292004559586807,434.0,"Epidemic intelligence, national weekly data"
239,Africa (total),,Africa,1335814744,deaths,355.0,2020-15,0.483599992365408,789.0,"Epidemic intelligence, national weekly data"
240,Africa (total),,Africa,1335814744,deaths,331.0,2020-16,0.513544264338499,1120.0,"Epidemic intelligence, national weekly data"
241,Africa (total),,Africa,1336412074,deaths,295.0,2020-17,0.468418395926585,1415.0,"Epidemic intelligence, national weekly data"
242,Africa (total),,Africa,1337281669,deaths,384.0,2020-18,0.507746434980857,1799.0,"Epidemic intelligence, national weekly data"
243,Africa (total),,Africa,1337281669,deaths,491.0,2020-19,0.654312416212444,2290.0,"Epidemic intelligence, national weekly data"
244,Africa (total),,Africa,1339423921,deaths,469.0,2020-20,0.716726037924777,2759.0,"Epidemic intelligence, national weekly data"
245,Africa (total),,Africa,1339423921,deaths,580.0,2020-21,0.783172514357387,3339.0,"Epidemic intelligence, national weekly data"
246,Africa (total),,Africa,1339423921,deaths,883.0,2020-22,1.09226061821245,4222.0,"Epidemic intelligence, national weekly data"
247,Africa (total),,Africa,1339423921,deaths,949.0,2020-23,1.36775218903978,5171.0,"Epidemic intelligence, national weekly data"
248,Africa (total),,Africa,1339423921,deaths,1352.0,2020-24,1.71790272215095,6523.0,"Epidemic intelligence, national weekly data"
249,Africa (total),,Africa,1339423921,deaths,1588.0,2020-25,2.19497349114463,8111.0,"Epidemic intelligence, national weekly data"
250,Africa (total),,Africa,1339423921,deaths,1549.0,2020-26,2.34205164684378,9660.0,"Epidemic intelligence, national weekly data"
251,Africa (total),,Africa,1339423921,deaths,1712.0,2020-27,2.43462876007573,11372.0,"Epidemic intelligence, national weekly data"
252,Africa (total),,Africa,1339423921,deaths,1872.0,2020-28,2.6757772082525,13244.0,"Epidemic intelligence, national weekly data"
253,Africa (total),,Africa,1339423921,deaths,1904.0,2020-29,2.81912241583746,15148.0,"Epidemic intelligence, national weekly data"
254,Africa (total),,Africa,1339423921,deaths,2616.0,2020-30,3.37458509522916,17764.0,"Epidemic intelligence, national weekly data"
255,Africa (total),,Africa,1339423921,deaths,2507.0,2020-31,3.82477863780066,20271.0,"Epidemic intelligence, national weekly data"
256,Africa (total),,Africa,1339423921,deaths,2989.0,2020-32,4.10325656711935,23260.0,"Epidemic intelligence, national weekly data"
257,Africa (total),,Africa,1339423921,deaths,2373.0,2020-33,4.00321355765902,25633.0,"Epidemic intelligence, national weekly data"
258,Africa (total),,Africa,1339423921,deaths,2124.0,2020-34,3.35741353390388,27757.0,"Epidemic intelligence, national weekly data"
259,Africa (total),,Africa,1339423921,deaths,1828.0,2020-35,2.950522189457,29585.0,"Epidemic intelligence, national weekly data"
260,Africa (total),,Africa,1339423921,deaths,1697.0,2020-36,2.63172842050504,31282.0,"Epidemic intelligence, national weekly data"
261,Africa (total),,Africa,1339423921,deaths,1338.0,2020-37,2.26589950531427,32620.0,"Epidemic intelligence, national weekly data"
262,Africa (total),,Africa,1339423921,deaths,1330.0,2020-38,1.99190111373261,33950.0,"Epidemic intelligence, national weekly data"
263,Africa (total),,Africa,1339423921,deaths,1209.0,2020-39,1.89559105238647,35159.0,"Epidemic intelligence, national weekly data"
264,Africa (total),,Africa,1339423921,deaths,1348.0,2020-40,1.90902966559756,36507.0,"Epidemic intelligence, national weekly data"
265,Africa (total),,Africa,1339423921,deaths,1568.0,2020-41,2.17705534019651,38075.0,"Epidemic intelligence, national weekly data"
266,Africa (total),,Africa,1339423921,deaths,1666.0,2020-42,2.41447084025909,39741.0,"Epidemic intelligence, national weekly data"
267,Africa (total),,Africa,1339423921,deaths,1518.0,2020-43,2.37714135911718,41259.0,"Epidemic intelligence, national weekly data"
268,Africa (total),,Africa,1339423921,deaths,1943.0,2020-44,2.58394668464339,43202.0,"Epidemic intelligence, national weekly data"
269,Africa (total),,Africa,1339423921,deaths,2153.0,2020-45,3.05803109514572,45355.0,"Epidemic intelligence, national weekly data"
270,Africa (total),,Africa,1339423921,deaths,2005.0,2020-46,3.10431965176169,47360.0,"Epidemic intelligence, national weekly data"
271,Africa (total),,Africa,1339423921,deaths,2295.0,2020-47,3.21033537820473,49655.0,"Epidemic intelligence, national weekly data"
272,Africa (total),,Africa,1339423921,deaths,2071.0,2020-48,3.25961029331206,51726.0,"Epidemic intelligence, national weekly data"
273,Africa (total),,Africa,1339423921,deaths,2133.0,2020-49,3.13866277441225,53859.0,"Epidemic intelligence, national weekly data"
274,Africa (total),,Africa,1339423921,deaths,2483.0,2020-50,3.44625769902164,56342.0,"Epidemic intelligence, national weekly data"
275,Africa (total),,Africa,1339423921,deaths,3010.0,2020-51,4.10101679825084,59352.0,"Epidemic intelligence, national weekly data"
276,Africa (total),,Africa,1339423921,deaths,3842.0,2020-52,5.1156320956881,63194.0,"Epidemic intelligence, national weekly data"
277,Africa (total),,Africa,1339423921,deaths,4086.0,2020-53,5.91896252986212,67280.0,"Epidemic intelligence, national weekly data"
278,Africa (total),,Africa,1339423921,deaths,5554.0,2021-01,7.19712396416131,72834.0,"Epidemic intelligence, national weekly data"
279,Africa (total),,Africa,1339423921,deaths,6060.0,2021-02,8.67089187964413,78894.0,"Epidemic intelligence, national weekly data"
280,Africa (total),,Africa,1339423921,deaths,6501.0,2021-03,9.37791225247201,85395.0,"Epidemic intelligence, national weekly data"
281,Africa (total),,Africa,1339423921,deaths,6003.0,2021-04,9.33535664397023,91398.0,"Epidemic intelligence, national weekly data"
282,Africa (total),,Africa,1339423921,deaths,3730.0,2021-05,7.26655679908527,95128.0,"Epidemic intelligence, national weekly data"
283,Africa (total),,Africa,1339423921,deaths,3392.0,2021-06,5.31721129385444,98520.0,"Epidemic intelligence, national weekly data"
284,Africa (total),,Africa,1339423921,deaths,2954.0,2021-07,4.73785774653191,101474.0,"Epidemic intelligence, national weekly data"
285,Africa (total),,Africa,1339423921,deaths,2244.0,2021-08,3.88077285951353,103718.0,"Epidemic intelligence, national weekly data"
286,Africa (total),,Africa,1339423921,deaths,2070.0,2021-09,3.22078763292447,105788.0,"Epidemic intelligence, national weekly data"
287,Africa (total),,Africa,1339423921,deaths,2038.0,2021-10,3.06699017061978,107826.0,"Epidemic intelligence, national weekly data"
288,Africa (total),,Africa,1339423921,deaths,2118.0,2021-11,3.10282647251602,109944.0,"Epidemic intelligence, national weekly data"
289,Africa (total),,Africa,1339423921,deaths,2001.0,2021-12,3.075202656471,111945.0,"Epidemic intelligence, national weekly data"
290,Africa (total),,Africa,1339423921,deaths,1853.0,2021-13,2.87735640641885,113798.0,"Epidemic intelligence, national weekly data"
291,Africa (total),,Africa,1339423921,deaths,1866.0,2021-14,2.77656680733567,115664.0,"Epidemic intelligence, national weekly data"
292,Africa (total),,Africa,1339423921,deaths,2270.0,2021-15,3.08789468005925,117934.0,"Epidemic intelligence, national weekly data"
293,Africa (total),,Africa,1339423921,deaths,2269.0,2021-16,3.38877029806309,120203.0,"Epidemic intelligence, national weekly data"
294,Africa (total),,Africa,1339423921,deaths,2101.0,2021-17,3.26259665180341,122304.0,"Epidemic intelligence, national weekly data"
295,Africa (total),,Africa,1339423921,deaths,2123.0,2021-18,3.15359456686902,124427.0,"Epidemic intelligence, national weekly data"
296,Africa (total),,Africa,1339423921,deaths,1967.0,2021-19,3.05355155740869,126394.0,"Epidemic intelligence, national weekly data"
297,Africa (total),,Africa,1339423921,deaths,1914.0,2021-20,2.89751432623548,128308.0,"Epidemic intelligence, national weekly data"
298,Africa (total),,Africa,1339423921,deaths,2091.0,2021-21,2.99009143946743,130399.0,"Epidemic intelligence, national weekly data"
299,Africa (total),,Africa,1339423921,deaths,1948.0,2021-22,3.01547548664393,132347.0,"Epidemic intelligence, national weekly data"
